{
  "K_new": [
    [
      6550.520344242329,
      0.0,
      1773.79583482578
    ],
    [
      0.0,
      5656.48573374424,
      2182.4394664069587
    ],
    [
      0.0,
      0.0,
      1.0
    ]
  ],
  "dist": [
    0.0,
    0.0,
    0.0,
    0.0,
    0.0
  ],
  "tag_spec": {
    "id": 9,
    "size_mm": 98.0,
    "dict_name": "DICT_4X4_50"
  },
  "frames": [
    {
      "file": "2.jpg",
      "reproj_err_px": 5.70393180847168,
      "R": [
        [
          -0.16831097483294855,
          -0.7971977937691352,
          -0.5797819360418242
        ],
        [
          0.6712186211133224,
          -0.5234338563945609,
          0.5248643259459042
        ],
        [
          -0.7218981773224757,
          -0.3008200053014123,
          0.6231936665186399
        ]
      ],
      "t": [
        [
          -39.57611849399118
        ],
        [
          118.15996920728394
        ],
        [
          651.1368954771195
        ]
      ]
    },
    {
      "file": "3.jpg",
      "reproj_err_px": 4.933084011077881,
      "R": [
        [
          0.5990273096813742,
          -0.745439957639746,
          -0.2923791234167522
        ],
        [
          0.7068418897082754,
          0.32071832858031324,
          0.6304873485378468
        ],
        [
          -0.3762191186124504,
          -0.5843449522899156,
          0.719027225857107
        ]
      ],
      "t": [
        [
          -106.7236928278989
        ],
        [
          17.82753949550052
        ],
        [
          709.2640470496846
        ]
      ]
    },
    {
      "file": "7.jpg",
      "reproj_err_px": 21.036556243896484,
      "R": [
        [
          0.918825163106214,
          -0.17743354747479823,
          -0.3525303616333601
        ],
        [
          -0.0855342635872936,
          0.7824831607875987,
          -0.6167689947106844
        ],
        [
          0.3852845823484487,
          0.5968562970383721,
          0.7037885700195933
        ]
      ],
      "t": [
        [
          -126.57885870508878
        ],
        [
          18.13427561414486
        ],
        [
          730.7699677787573
        ]
      ]
    },
    {
      "file": "8.jpg",
      "reproj_err_px": 4.159687042236328,
      "R": [
        [
          0.6601777564420732,
          -0.6412343529811796,
          -0.39113147975574497
        ],
        [
          0.6408467117381659,
          0.20925896104026817,
          0.7385974406120887
        ],
        [
          -0.391766284860618,
          -0.7382609239158983,
          0.5490810379765028
        ]
      ],
      "t": [
        [
          -103.30063470937603
        ],
        [
          170.62204654856802
        ],
        [
          741.6894097875487
        ]
      ]
    },
    {
      "file": "11.jpg",
      "reproj_err_px": 0.595342755317688,
      "R": [
        [
          0.7137320889558328,
          0.6949662702657134,
          -0.08722607630580598
        ],
        [
          -0.45159286989328706,
          0.5517876760944765,
          0.701137818386515
        ],
        [
          0.5353974085259356,
          -0.461033885634473,
          0.7076703831873226
        ]
      ],
      "t": [
        [
          -3.861288197977828
        ],
        [
          27.494862310155813
        ],
        [
          487.30231044529614
        ]
      ]
    },
    {
      "file": "12.jpg",
      "reproj_err_px": 60.72046661376953,
      "R": [
        [
          0.5472040796217983,
          0.8337299175617738,
          -0.07390615541143031
        ],
        [
          -0.5601324259167892,
          0.2991546132928593,
          -0.7725012509906843
        ],
        [
          -0.6219480369627621,
          0.46411307017583286,
          0.6306977861148151
        ]
      ],
      "t": [
        [
          -43.85472797150311
        ],
        [
          6.026413161715036
        ],
        [
          424.2179389587019
        ]
      ]
    },
    {
      "file": "13.jpg",
      "reproj_err_px": 0.9083712697029114,
      "R": [
        [
          0.07133747261183818,
          0.9938580026224424,
          -0.08460044695322044
        ],
        [
          -0.6903906712981571,
          0.11041491600121531,
          0.7149610250278855
        ],
        [
          0.7199108875311133,
          0.007403846822699511,
          0.6940270146517287
        ]
      ],
      "t": [
        [
          -70.67660608594745
        ],
        [
          -7.915801801541901
        ],
        [
          403.7838423964396
        ]
      ]
    },
    {
      "file": "17.jpg",
      "reproj_err_px": 211.83802795410156,
      "R": [
        [
          -0.969652699495654,
          0.24083255296239497,
          -0.042110851266700056
        ],
        [
          -0.10220995618260616,
          -0.5557823513754949,
          -0.8250206680784887
        ],
        [
          -0.22209630167551336,
          -0.7956793696792329,
          0.5635313420289227
        ]
      ],
      "t": [
        [
          -53.095024906644305
        ],
        [
          17.509109590058095
        ],
        [
          288.4935375448658
        ]
      ]
    },
    {
      "file": "18.jpg",
      "reproj_err_px": 11.223825454711914,
      "R": [
        [
          -0.7989192726622771,
          0.5077247376363875,
          -0.32240283274319964
        ],
        [
          -0.5496903026393528,
          -0.8339395280247415,
          0.048840912994416535
        ],
        [
          -0.24406672643569177,
          0.21624165738805487,
          0.9453417258626806
        ]
      ],
      "t": [
        [
          -84.45849624906862
        ],
        [
          60.55756435983363
        ],
        [
          350.8407441754166
        ]
      ]
    },
    {
      "file": "26.jpg",
      "reproj_err_px": 12.184680938720703,
      "R": [
        [
          0.6553047012015216,
          -0.28200920342109553,
          -0.7007471425335844
        ],
        [
          0.5722627881052245,
          0.7908739705301641,
          0.2168724604183024
        ],
        [
          0.4930426451466642,
          -0.5431290564162926,
          0.6796468039674197
        ]
      ],
      "t": [
        [
          -23.14422836344892
        ],
        [
          5.004542608977866
        ],
        [
          415.2415888280875
        ]
      ]
    },
    {
      "file": "27.jpg",
      "reproj_err_px": 79.66563415527344,
      "R": [
        [
          0.6568224676698821,
          0.7264225560149372,
          -0.2022239255794726
        ],
        [
          -0.4845895394823726,
          0.2011738363276862,
          -0.8512943473332025
        ],
        [
          -0.5777172528047858,
          0.6571448528976901,
          0.4841522674962542
        ]
      ],
      "t": [
        [
          -43.5275209583804
        ],
        [
          -24.684589095029697
        ],
        [
          340.606155800506
        ]
      ]
    },
    {
      "file": "28.jpg",
      "reproj_err_px": 92.6867904663086,
      "R": [
        [
          0.6510748816956037,
          0.7455078196790582,
          -0.1425467966052999
        ],
        [
          -0.44290308322404937,
          0.22064220691682565,
          -0.8689959006793436
        ],
        [
          -0.6163913994335796,
          0.6289158189489669,
          0.4738423106689227
        ]
      ],
      "t": [
        [
          -32.71030244497769
        ],
        [
          -8.091225960392057
        ],
        [
          307.61227527945033
        ]
      ]
    },
    {
      "file": "29.jpg",
      "reproj_err_px": 99.52314758300781,
      "R": [
        [
          0.6490598139104978,
          0.7513897047974057,
          -0.11889015725003182
        ],
        [
          -0.3519652714082161,
          0.15805621143013243,
          -0.9225717759344766
        ],
        [
          -0.6744196065425521,
          0.6406494716713819,
          0.36705101656059835
        ]
      ],
      "t": [
        [
          -37.65804071829106
        ],
        [
          -8.823434682053264
        ],
        [
          297.66705724447456
        ]
      ]
    },
    {
      "file": "30.jpg",
      "reproj_err_px": 203.05670166015625,
      "R": [
        [
          0.33694408738021736,
          0.8370722087043955,
          -0.43102064845463917
        ],
        [
          -0.6518096230254024,
          -0.12296411541326074,
          -0.7483475406868906
        ],
        [
          -0.6794210015233527,
          0.5330946855253572,
          0.504179689152216
        ]
      ],
      "t": [
        [
          -72.41675200369326
        ],
        [
          19.907594369283842
        ],
        [
          267.08953455348444
        ]
      ]
    },
    {
      "file": "32.jpg",
      "reproj_err_px": 150.61807250976562,
      "R": [
        [
          -0.39774452555020334,
          0.9070794470865008,
          -0.13786286326669606
        ],
        [
          -0.6135484015999372,
          -0.37468039114626733,
          -0.6951064403274094
        ],
        [
          -0.6821712770917623,
          -0.19188924191764423,
          0.7055642192935142
        ]
      ],
      "t": [
        [
          -45.88444745427059
        ],
        [
          19.533702252034306
        ],
        [
          270.04464259705276
        ]
      ]
    },
    {
      "file": "33.jpg",
      "reproj_err_px": 182.5390625,
      "R": [
        [
          0.2749950180798424,
          -0.9357040148803493,
          0.2209880914621013
        ],
        [
          0.5403002313131791,
          -0.03972216129432414,
          -0.840534240792743
        ],
        [
          0.7952693883673584,
          0.35054264567795834,
          0.49463769921722
        ]
      ],
      "t": [
        [
          54.98178518616565
        ],
        [
          -5.026369057032756
        ],
        [
          296.83728805206283
        ]
      ]
    },
    {
      "file": "34.jpg",
      "reproj_err_px": 211.86822509765625,
      "R": [
        [
          0.35373848486745146,
          -0.9193752297903097,
          0.1720995966633707
        ],
        [
          0.4211809869308047,
          -0.00771908103640917,
          -0.9069437645388752
        ],
        [
          0.8351500826627949,
          0.3933059911010362,
          0.3844928306124295
        ]
      ],
      "t": [
        [
          61.3540139431447
        ],
        [
          13.558702106882187
        ],
        [
          289.5081161622185
        ]
      ]
    },
    {
      "file": "35.jpg",
      "reproj_err_px": 113.0845718383789,
      "R": [
        [
          -0.6165604387932321,
          -0.7856049058809702,
          0.05175091468610987
        ],
        [
          0.41584111863746487,
          -0.380766099454462,
          -0.8258894245336821
        ],
        [
          0.6685277775571026,
          -0.4876905877315931,
          0.5614521362258534
        ]
      ],
      "t": [
        [
          29.094531394829055
        ],
        [
          32.74296733282713
        ],
        [
          261.9455526667128
        ]
      ]
    },
    {
      "file": "36.jpg",
      "reproj_err_px": 155.27467346191406,
      "R": [
        [
          -0.9957174434083295,
          -0.03456817171085332,
          0.08574272212234192
        ],
        [
          -0.008196767406931869,
          -0.8907989363528772,
          -0.4543237479998809
        ],
        [
          0.09208466699976083,
          -0.45308089398820556,
          0.8867006922329492
        ]
      ],
      "t": [
        [
          4.034643910595938
        ],
        [
          46.95753762586282
        ],
        [
          287.28155130929474
        ]
      ]
    },
    {
      "file": "37.jpg",
      "reproj_err_px": 147.2885284423828,
      "R": [
        [
          -0.9228516365577437,
          0.3534696421595631,
          -0.1529838846881745
        ],
        [
          -0.24801139618297563,
          -0.8492531221830912,
          -0.4661110187773324
        ],
        [
          -0.29467813672898324,
          -0.39220956966124887,
          0.8713991331187293
        ]
      ],
      "t": [
        [
          -22.984366726700486
        ],
        [
          41.76523086590201
        ],
        [
          276.15326071865206
        ]
      ]
    },
    {
      "file": "38.jpg",
      "reproj_err_px": 61.183528900146484,
      "R": [
        [
          -0.12107586172453605,
          -0.9921327702097773,
          -0.03183083384918711
        ],
        [
          0.4599075620080644,
          -0.027650217799202126,
          -0.8875361963680442
        ],
        [
          0.8796736156754161,
          -0.12209845097924149,
          0.4596371374823953
        ]
      ],
      "t": [
        [
          -93.67959689090986
        ],
        [
          100.29349169752187
        ],
        [
          703.1124144464924
        ]
      ]
    },
    {
      "file": "39.jpg",
      "reproj_err_px": 51.149864196777344,
      "R": [
        [
          0.10779708591777837,
          -0.9866157127365556,
          0.12234877869833105
        ],
        [
          0.4080862766563325,
          -0.06830815266251936,
          -0.9103843073584941
        ],
        [
          0.9065568813220746,
          0.14806563295097247,
          0.3952609128998482
        ]
      ],
      "t": [
        [
          -100.61399042378132
        ],
        [
          87.14572887594962
        ],
        [
          731.0646030762142
        ]
      ]
    },
    {
      "file": "40.jpg",
      "reproj_err_px": 30.77839469909668,
      "R": [
        [
          -0.3934251305299318,
          -0.7590826036173621,
          -0.5186619974058179
        ],
        [
          0.45529461464140225,
          0.32924782114871814,
          -0.8272258978944977
        ],
        [
          0.7987011209119735,
          -0.5615954710949045,
          0.21607185448282878
        ]
      ],
      "t": [
        [
          -136.5767073821728
        ],
        [
          41.72933293488961
        ],
        [
          768.0786924303383
        ]
      ]
    },
    {
      "file": "42.jpg",
      "reproj_err_px": 125.22560119628906,
      "R": [
        [
          -0.9725523204727048,
          -0.11074499047586606,
          0.20464000348821737
        ],
        [
          -0.13865965088187368,
          -0.4304239946440729,
          -0.8919129363631608
        ],
        [
          0.18685685740821556,
          -0.8958073073597577,
          0.4032539930619242
        ]
      ],
      "t": [
        [
          2.1315722775535155
        ],
        [
          4.686578852698633
        ],
        [
          366.0255230915662
        ]
      ]
    }
  ]
}