{
  "K_new": [
    [
      298.6912532228297,
      0.0,
      222.43488081815283
    ],
    [
      0.0,
      294.50429953212534,
      158.078890125255
    ],
    [
      0.0,
      0.0,
      1.0
    ]
  ],
  "dist": [
    0.0,
    0.0,
    0.0,
    0.0,
    0.0
  ],
  "tag_spec": {
    "id": 9,
    "size_mm": 96.0,
    "dict_name": "DICT_4X4_50"
  },
  "frames": [
    {
      "file": "IMG_6207.jpg",
      "reproj_err_px": 0.23150284588336945,
      "R": [
        [
          0.745152787212554,
          -0.6665782112127152,
          -0.020513703854235954
        ],
        [
          0.5112597863973636,
          0.5512342810257139,
          0.6593589297453905
        ],
        [
          -0.4282064391415485,
          -0.5018109761239996,
          0.7515483947951683
        ]
      ],
      "t": [
        [
          123.3493017626351
        ],
        [
          -147.50136851029907
        ],
        [
          533.13102415732
        ]
      ]
    },
    {
      "file": "IMG_6208.jpg",
      "reproj_err_px": 0.24876151978969574,
      "R": [
        [
          0.7159680987464003,
          -0.6976598783054404,
          -0.025697777730824434
        ],
        [
          0.5601038539546193,
          0.5520506488719368,
          0.617676091382252
        ],
        [
          -0.41674135187505357,
          -0.45662980113316276,
          0.786012640072945
        ]
      ],
      "t": [
        [
          115.8242191129752
        ],
        [
          -161.31586131924723
        ],
        [
          537.0827704667435
        ]
      ]
    },
    {
      "file": "IMG_6209.jpg",
      "reproj_err_px": 0.06933119893074036,
      "R": [
        [
          0.6946418812051163,
          -0.7100068108695011,
          -0.11559837972366815
        ],
        [
          0.7181623721613403,
          0.675224362455451,
          0.16827022184042545
        ],
        [
          -0.041418161323427016,
          -0.1999059500503923,
          0.9789392969163291
        ]
      ],
      "t": [
        [
          100.45677237563412
        ],
        [
          -101.01195849793343
        ],
        [
          638.4846241191456
        ]
      ]
    },
    {
      "file": "IMG_6210.jpg",
      "reproj_err_px": 0.2250032126903534,
      "R": [
        [
          0.9187648271978051,
          -0.38244760350801005,
          -0.0980052186119065
        ],
        [
          0.39199970836186077,
          0.8541413214184755,
          0.3417291788678817
        ],
        [
          -0.04698319857570102,
          -0.3523867670848049,
          0.9346743526143829
        ]
      ],
      "t": [
        [
          78.6392925795003
        ],
        [
          -17.81798475612801
        ],
        [
          672.4015391650377
        ]
      ]
    },
    {
      "file": "IMG_6211.jpg",
      "reproj_err_px": 0.2904580533504486,
      "R": [
        [
          0.9136123875240945,
          -0.3715155870440469,
          -0.1651925359870746
        ],
        [
          0.3811221551205644,
          0.9240488477214376,
          0.0296585552739833
        ],
        [
          0.14162735695754616,
          -0.0900549588196045,
          0.9858152951507798
        ]
      ],
      "t": [
        [
          64.08921390459473
        ],
        [
          -131.12431355086025
        ],
        [
          573.144149679079
        ]
      ]
    },
    {
      "file": "IMG_6212.jpg",
      "reproj_err_px": 5.626227855682373,
      "R": [
        [
          0.9710454349959147,
          -0.15096150339689554,
          0.18515233637668205
        ],
        [
          0.19050541228191456,
          0.021675997774623056,
          -0.9814468090588365
        ],
        [
          0.14414732416834058,
          0.9883019658042899,
          0.04980736213135255
        ]
      ],
      "t": [
        [
          59.90357402985044
        ],
        [
          -169.61692189828227
        ],
        [
          446.59698617303883
        ]
      ]
    },
    {
      "file": "IMG_6213.jpg",
      "reproj_err_px": 3.4378387928009033,
      "R": [
        [
          0.9813160527016648,
          -0.1571732425148472,
          0.11097466624141071
        ],
        [
          0.13378981814417812,
          0.14291719801271677,
          -0.9806502735803124
        ],
        [
          0.1382717949220709,
          0.9771751359656891,
          0.16127512015021364
        ]
      ],
      "t": [
        [
          53.19595930170432
        ],
        [
          -119.23179584098015
        ],
        [
          565.9094886644633
        ]
      ]
    },
    {
      "file": "IMG_6214.jpg",
      "reproj_err_px": 0.33746597170829773,
      "R": [
        [
          0.9757988651845442,
          0.14613836541465347,
          -0.16266577039589186
        ],
        [
          -0.08812364993822808,
          0.9436138646944221,
          0.3191035829915131
        ],
        [
          0.20012695227310195,
          -0.2970462127521407,
          0.9336555844975649
        ]
      ],
      "t": [
        [
          5.943495144624771
        ],
        [
          -195.158889909283
        ],
        [
          565.5964054281909
        ]
      ]
    },
    {
      "file": "IMG_6215.jpg",
      "reproj_err_px": 0.08305814862251282,
      "R": [
        [
          0.9620223737745336,
          0.20648849132257943,
          -0.1785369858279695
        ],
        [
          -0.17846396999086653,
          0.9706816011465412,
          0.16102124273115667
        ],
        [
          0.20655160074981416,
          -0.12304361887929023,
          0.9706681740331128
        ]
      ],
      "t": [
        [
          -19.875413179056178
        ],
        [
          -166.1256733828733
        ],
        [
          550.3965716985552
        ]
      ]
    },
    {
      "file": "IMG_6216.jpg",
      "reproj_err_px": 0.14707787334918976,
      "R": [
        [
          0.9148516223139639,
          0.35306073712021885,
          -0.1959454644885561
        ],
        [
          -0.19175067160006792,
          0.8069206757296215,
          0.5586686880620516
        ],
        [
          0.3553564254244338,
          -0.4735262811969139,
          0.8059123227283412
        ]
      ],
      "t": [
        [
          -46.26952504699954
        ],
        [
          -108.69149763231208
        ],
        [
          522.4319450459359
        ]
      ]
    },
    {
      "file": "IMG_6217.jpg",
      "reproj_err_px": 0.11681085079908371,
      "R": [
        [
          0.8372812254807688,
          0.4982738922314308,
          -0.2251294689239115
        ],
        [
          -0.40175577444342847,
          0.8399340594335475,
          0.3648329391719487
        ],
        [
          0.3708806373468194,
          -0.21502070626807612,
          0.9034454320639376
        ]
      ],
      "t": [
        [
          -91.72404425452632
        ],
        [
          -161.4562906315009
        ],
        [
          528.3512709274943
        ]
      ]
    },
    {
      "file": "IMG_6218.jpg",
      "reproj_err_px": 0.2509528398513794,
      "R": [
        [
          0.7974767455790334,
          0.5170778517518614,
          -0.31090406155010847
        ],
        [
          -0.5085026876342892,
          0.8533557558966521,
          0.1149302855941717
        ],
        [
          0.3247396756316943,
          0.06644132077053774,
          0.9434668483655843
        ]
      ],
      "t": [
        [
          -112.80189507989195
        ],
        [
          -173.06076925451273
        ],
        [
          465.27539332115873
        ]
      ]
    },
    {
      "file": "IMG_6219.jpg",
      "reproj_err_px": 0.6404825448989868,
      "R": [
        [
          0.7195520364906576,
          0.6636538510945036,
          -0.20447110482799707
        ],
        [
          -0.39738997284046507,
          0.6349731904029535,
          0.662487929667665
        ],
        [
          0.5694963356054206,
          -0.39543977214859016,
          0.7206256381333301
        ]
      ],
      "t": [
        [
          -132.73310232547695
        ],
        [
          -96.76471523205811
        ],
        [
          477.1723476849256
        ]
      ]
    },
    {
      "file": "IMG_6220.jpg",
      "reproj_err_px": 2.5462920665740967,
      "R": [
        [
          0.9564814652483131,
          0.28772723253765975,
          -0.04854118140979814
        ],
        [
          -0.0999144183350681,
          0.16665185985914388,
          -0.9809405010571502
        ],
        [
          -0.2741538174915762,
          0.9431013716784148,
          0.18814751418258968
        ]
      ],
      "t": [
        [
          -112.13868738100008
        ],
        [
          -57.44687005374167
        ],
        [
          494.10079515893557
        ]
      ]
    },
    {
      "file": "IMG_6221.jpg",
      "reproj_err_px": 3.153977394104004,
      "R": [
        [
          0.9551552181722058,
          0.28891698910811947,
          -0.06484969239020733
        ],
        [
          -0.11842779065280593,
          0.17201185195837862,
          -0.9779502958673021
        ],
        [
          -0.2713915392924048,
          0.9417743340049927,
          0.19851381868764567
        ]
      ],
      "t": [
        [
          -107.38807537505645
        ],
        [
          -29.434106897870976
        ],
        [
          498.70936835783664
        ]
      ]
    },
    {
      "file": "IMG_6222.jpg",
      "reproj_err_px": 0.21712350845336914,
      "R": [
        [
          0.5225162577250039,
          0.84840130798188,
          -0.0848055483308291
        ],
        [
          -0.5436812594763525,
          0.40815081135092346,
          0.7333645773336683
        ],
        [
          0.6568009199957506,
          -0.33708772716937974,
          0.6745253261994819
        ]
      ],
      "t": [
        [
          -137.18865081912998
        ],
        [
          -78.63851318539521
        ],
        [
          466.97427006994974
        ]
      ]
    },
    {
      "file": "IMG_6223.jpg",
      "reproj_err_px": 2.8168416023254395,
      "R": [
        [
          0.8534142678973606,
          0.4917922687521919,
          -0.1726975730714942
        ],
        [
          -0.25520692328344546,
          0.1053544457832305,
          -0.9611294746608835
        ],
        [
          -0.454481587809022,
          0.8643152232543866,
          0.21541977902066006
        ]
      ],
      "t": [
        [
          -139.60866439725402
        ],
        [
          -99.16553951662934
        ],
        [
          460.0901093487017
        ]
      ]
    },
    {
      "file": "IMG_6224.jpg",
      "reproj_err_px": 0.1667584478855133,
      "R": [
        [
          0.510014853325039,
          0.8564350112750525,
          -0.08002450156133262
        ],
        [
          -0.5202428445375411,
          0.3812166978169532,
          0.7642128054495199
        ],
        [
          0.6850052788813579,
          -0.3481277075554868,
          0.6399803646494435
        ]
      ],
      "t": [
        [
          -139.13651743034657
        ],
        [
          -101.5393111413764
        ],
        [
          458.2989663221148
        ]
      ]
    },
    {
      "file": "IMG_6225.jpg",
      "reproj_err_px": 2.2561912536621094,
      "R": [
        [
          0.8331849916879263,
          0.5320619922436626,
          -0.1507076840632045
        ],
        [
          -0.28294889937269374,
          0.17602242745435026,
          -0.9428446454092313
        ],
        [
          -0.4751238680278767,
          0.8282065813809877,
          0.29720559985882844
        ]
      ],
      "t": [
        [
          -126.82234316315879
        ],
        [
          -32.014187759703766
        ],
        [
          481.94850687145583
        ]
      ]
    },
    {
      "file": "IMG_6226.jpg",
      "reproj_err_px": 1.787074089050293,
      "R": [
        [
          0.886687730454978,
          0.4574850954961025,
          -0.06702429454699496
        ],
        [
          -0.15386828563339394,
          0.1552612013002433,
          -0.9758168424694492
        ],
        [
          -0.4360153888761733,
          0.8755577346867124,
          0.20806064955544099
        ]
      ],
      "t": [
        [
          -87.28745811673267
        ],
        [
          -59.517925591995
        ],
        [
          488.2204806024155
        ]
      ]
    },
    {
      "file": "IMG_6227.jpg",
      "reproj_err_px": 1.819754719734192,
      "R": [
        [
          0.8930686896869557,
          0.44872336202824203,
          -0.032797254014556604
        ],
        [
          -0.09654812168205237,
          0.11993565347420324,
          -0.9880758570197854
        ],
        [
          -0.43943916040845943,
          0.88558612421141,
          0.15043417465363784
        ]
      ],
      "t": [
        [
          -98.57799729302323
        ],
        [
          -47.08181735098842
        ],
        [
          465.4754093743156
        ]
      ]
    },
    {
      "file": "IMG_6228.jpg",
      "reproj_err_px": 3.5299696922302246,
      "R": [
        [
          0.8332637923903441,
          0.5468984009353923,
          -0.0810776871005324
        ],
        [
          -0.15569989534820156,
          0.09141344724825184,
          -0.9835655159930883
        ],
        [
          -0.5304988170390392,
          0.8321933193173938,
          0.16132353952129236
        ]
      ],
      "t": [
        [
          -168.10391996208554
        ],
        [
          -70.91191704938542
        ],
        [
          433.69707600384197
        ]
      ]
    },
    {
      "file": "IMG_6229.jpg",
      "reproj_err_px": 3.0543272495269775,
      "R": [
        [
          0.8197158105745929,
          0.5521557874309255,
          -0.15228255415697559
        ],
        [
          -0.28219302465981666,
          0.15796008097533829,
          -0.946264080292393
        ],
        [
          -0.4984306237856796,
          0.81864070215498,
          0.28529688755368343
        ]
      ],
      "t": [
        [
          -177.4203128220435
        ],
        [
          -59.49092873504766
        ],
        [
          466.0617442321501
        ]
      ]
    },
    {
      "file": "IMG_6230.jpg",
      "reproj_err_px": 0.4950091242790222,
      "R": [
        [
          0.3381075930527486,
          0.924069706784965,
          -0.1782650625401001
        ],
        [
          -0.5482769515719721,
          0.3473660230127036,
          0.7607425520051336
        ],
        [
          0.7649023727868952,
          -0.15947420812998803,
          0.6240932118251976
        ]
      ],
      "t": [
        [
          -165.2596024497765
        ],
        [
          -49.293086787025075
        ],
        [
          510.8725833672222
        ]
      ]
    },
    {
      "file": "IMG_6231.jpg",
      "reproj_err_px": 0.5536816716194153,
      "R": [
        [
          0.33775694073428586,
          0.9107357920695416,
          -0.23765640329955512
        ],
        [
          -0.7018608880871198,
          0.411936304446179,
          0.5811194153121924
        ],
        [
          0.6271455514945279,
          -0.02947538163772656,
          0.7783441778017838
        ]
      ],
      "t": [
        [
          -152.69116122503956
        ],
        [
          -78.98852233378598
        ],
        [
          513.047109402508
        ]
      ]
    },
    {
      "file": "IMG_6232.jpg",
      "reproj_err_px": 0.149224191904068,
      "R": [
        [
          0.32265203373050866,
          0.9012672848187857,
          -0.2891590331373728
        ],
        [
          -0.8106514548558654,
          0.42083027095545467,
          0.4071192721889093
        ],
        [
          0.4886101553075164,
          0.10304932975489056,
          0.8663953784314828
        ]
      ],
      "t": [
        [
          -175.80611780141263
        ],
        [
          -117.80498758017966
        ],
        [
          513.2867950295722
        ]
      ]
    },
    {
      "file": "IMG_6233.jpg",
      "reproj_err_px": 5.372740268707275,
      "R": [
        [
          0.7884198550062531,
          0.5987246752448544,
          -0.14114848736299676
        ],
        [
          -0.2458614333602065,
          0.09637834150787489,
          -0.9645016178702117
        ],
        [
          -0.5638672608140883,
          0.7951351951342205,
          0.22318990488120594
        ]
      ],
      "t": [
        [
          -185.45863213051106
        ],
        [
          -20.903042149971643
        ],
        [
          373.69316472220316
        ]
      ]
    },
    {
      "file": "IMG_6234.jpg",
      "reproj_err_px": 0.33103033900260925,
      "R": [
        [
          0.047236133551038145,
          0.9814175310442526,
          -0.18597950813504183
        ],
        [
          -0.5551049260952321,
          0.18058113180561383,
          0.8119414854905558
        ],
        [
          0.8304379981142213,
          0.06488516467426975,
          0.5533196604976526
        ]
      ],
      "t": [
        [
          -175.21928302481138
        ],
        [
          -72.71442434082115
        ],
        [
          406.5257632636063
        ]
      ]
    },
    {
      "file": "IMG_6237.jpg",
      "reproj_err_px": 4.498147964477539,
      "R": [
        [
          0.7878486503917597,
          0.6016956756741929,
          -0.13136520829679052
        ],
        [
          -0.2719931914683821,
          0.14856761352063794,
          -0.9507614674604911
        ],
        [
          -0.5525524480723316,
          0.7847865812357898,
          0.2807059209235074
        ]
      ],
      "t": [
        [
          -212.62781061859695
        ],
        [
          -28.196431809069097
        ],
        [
          415.2907214414519
        ]
      ]
    },
    {
      "file": "IMG_6238.jpg",
      "reproj_err_px": 0.3443588316440582,
      "R": [
        [
          0.21058545952424895,
          0.9238305382178332,
          -0.3196731156871173
        ],
        [
          -0.6895907571547303,
          0.3721640336895788,
          0.6212555993105153
        ],
        [
          0.692905730878109,
          0.08961623002587332,
          0.7154373343852157
        ]
      ],
      "t": [
        [
          -167.52364893479566
        ],
        [
          -99.52756535476472
        ],
        [
          429.1177875491032
        ]
      ]
    },
    {
      "file": "IMG_6239.jpg",
      "reproj_err_px": 0.2272953987121582,
      "R": [
        [
          0.0809903007253938,
          0.9833352911655533,
          -0.16276448118913145
        ],
        [
          -0.8814720659429918,
          0.14688891669619858,
          0.44881025290651666
        ],
        [
          0.46523925903840535,
          0.10712306614438419,
          0.8786791681548061
        ]
      ],
      "t": [
        [
          -132.447188473694
        ],
        [
          -30.594732081522693
        ],
        [
          482.0196642077802
        ]
      ]
    },
    {
      "file": "IMG_6240.jpg",
      "reproj_err_px": 23.790130615234375,
      "R": [
        [
          0.022793616122385365,
          0.8989791325801191,
          -0.43739795409851
        ],
        [
          -0.9990002339564319,
          0.0373111403677764,
          0.02462542100047585
        ],
        [
          0.03845755607237572,
          0.43639935608333913,
          0.8989308195801208
        ]
      ],
      "t": [
        [
          -451.4673801732962
        ],
        [
          -14.059189863519904
        ],
        [
          1026.9333782744854
        ]
      ]
    },
    {
      "file": "IMG_6241.jpg",
      "reproj_err_px": 20.42168617248535,
      "R": [
        [
          0.04624754166896375,
          0.9305265734009416,
          -0.3632925282527557
        ],
        [
          -0.9952671399983457,
          0.07403850681159832,
          0.06294139773330595
        ],
        [
          0.08546627948548344,
          0.35866223066251457,
          0.929546620330093
        ]
      ],
      "t": [
        [
          -348.9994425411365
        ],
        [
          58.53784717564214
        ],
        [
          784.7763404020939
        ]
      ]
    },
    {
      "file": "IMG_6242.jpg",
      "reproj_err_px": 1.0011367797851562,
      "R": [
        [
          -0.17512428894450988,
          0.9659711979168348,
          -0.19034476146402074
        ],
        [
          -0.6627512031755027,
          0.027308333313535604,
          0.7483415648091856
        ],
        [
          0.7280743960002325,
          0.2572040041032644,
          0.6354162211984715
        ]
      ],
      "t": [
        [
          -168.98154448342794
        ],
        [
          14.26720306280236
        ],
        [
          358.0084448610101
        ]
      ]
    },
    {
      "file": "IMG_6244.jpg",
      "reproj_err_px": 1.4571456909179688,
      "R": [
        [
          -0.1854276875749391,
          0.9337501180209695,
          -0.3061491299619128
        ],
        [
          -0.49551710210083905,
          0.18019066266778394,
          0.849702375313222
        ],
        [
          0.8485749078344218,
          0.3092604762706839,
          0.42927681466698414
        ]
      ],
      "t": [
        [
          -175.97963060970199
        ],
        [
          -42.938442319454666
        ],
        [
          345.39790994084103
        ]
      ]
    },
    {
      "file": "IMG_6245.jpg",
      "reproj_err_px": 0.48639437556266785,
      "R": [
        [
          -0.4924317245307355,
          0.8458509124387763,
          -0.20505421381228747
        ],
        [
          -0.8329078312593374,
          -0.38962065793400796,
          0.39301436047291927
        ],
        [
          0.25253819770987673,
          0.36432399981000463,
          0.8963774215473562
        ]
      ],
      "t": [
        [
          -160.02415537615022
        ],
        [
          -31.93324839011733
        ],
        [
          524.7991786890517
        ]
      ]
    },
    {
      "file": "IMG_6246.jpg",
      "reproj_err_px": 0.3221932053565979,
      "R": [
        [
          -0.47792232828572007,
          0.8685396099765977,
          -0.13126002448443932
        ],
        [
          -0.8091778480789372,
          -0.3771712856748976,
          0.45052528390833385
        ],
        [
          0.3417915421778258,
          0.3215287967881632,
          0.8830615915844482
        ]
      ],
      "t": [
        [
          -153.09670252923127
        ],
        [
          -26.454076799101355
        ],
        [
          527.1939676685082
        ]
      ]
    },
    {
      "file": "IMG_6247.jpg",
      "reproj_err_px": 0.029249459505081177,
      "R": [
        [
          -0.4437779046872948,
          0.8926770889481191,
          -0.07866883867495364
        ],
        [
          -0.8323392677789209,
          -0.3780629875708953,
          0.40531434805866257
        ],
        [
          0.332073056155726,
          0.24534871570089906,
          0.9107861950421265
        ]
      ],
      "t": [
        [
          -152.68037685942375
        ],
        [
          17.862753745550805
        ],
        [
          561.7900679812673
        ]
      ]
    },
    {
      "file": "IMG_6248.jpg",
      "reproj_err_px": 0.9411904215812683,
      "R": [
        [
          -0.5199249995634817,
          0.8278515473121929,
          -0.210570203119343
        ],
        [
          -0.7691394336091001,
          -0.3464557461056232,
          0.5370222971701161
        ],
        [
          0.3716214828241043,
          0.4411691643839172,
          0.8168642738548492
        ]
      ],
      "t": [
        [
          -171.20101139835768
        ],
        [
          -30.419566978243086
        ],
        [
          411.8013938875323
        ]
      ]
    },
    {
      "file": "IMG_6249.jpg",
      "reproj_err_px": 1.0151575803756714,
      "R": [
        [
          -0.5026697630965745,
          0.8429280561482395,
          -0.1918212746975276
        ],
        [
          -0.7104394353127228,
          -0.2763773295635722,
          0.6472181861287957
        ],
        [
          0.49254331588295186,
          0.4616144103702346,
          0.7377758589961911
        ]
      ],
      "t": [
        [
          -158.8457066390188
        ],
        [
          -31.841938494867648
        ],
        [
          334.8036462544043
        ]
      ]
    },
    {
      "file": "IMG_6250.jpg",
      "reproj_err_px": 1.130535364151001,
      "R": [
        [
          -0.46178098421866465,
          0.862778665724344,
          -0.2058428929668497
        ],
        [
          -0.6290961106435625,
          -0.15497546232157056,
          0.7617221866608311
        ],
        [
          0.6252970543567145,
          0.4812437844264964,
          0.6143354244740247
        ]
      ],
      "t": [
        [
          -155.30362164744298
        ],
        [
          -22.263163689252558
        ],
        [
          309.86980531811696
        ]
      ]
    },
    {
      "file": "IMG_6251.jpg",
      "reproj_err_px": 10.212430953979492,
      "R": [
        [
          0.3610578380224029,
          0.8453511982739916,
          -0.3937240012741342
        ],
        [
          -0.5589220566649868,
          -0.1418009892701798,
          -0.8170058837091564
        ],
        [
          -0.7464873556705226,
          0.5150474065741178,
          0.42128707172818136
        ]
      ],
      "t": [
        [
          -169.95387978033915
        ],
        [
          14.242761832623096
        ],
        [
          318.59417609476293
        ]
      ]
    },
    {
      "file": "IMG_6252.jpg",
      "reproj_err_px": 0.6311478018760681,
      "R": [
        [
          -0.7961374262004803,
          0.6047534075597456,
          -0.02094074133718621
        ],
        [
          -0.5213553666203621,
          -0.6679578833089219,
          0.5310563508909507
        ],
        [
          0.30717060454903994,
          0.43371140424289156,
          0.84707770454111
        ]
      ],
      "t": [
        [
          -146.14455781161968
        ],
        [
          91.9481051910728
        ],
        [
          496.5556462003878
        ]
      ]
    },
    {
      "file": "IMG_6253.jpg",
      "reproj_err_px": 0.4215550422668457,
      "R": [
        [
          -0.6351658056473387,
          0.7681314461346604,
          -0.08086087308112926
        ],
        [
          -0.7206614700782543,
          -0.5517180609378429,
          0.4198264245847754
        ],
        [
          0.27786947453978583,
          0.3249327048698883,
          0.9039951838505123
        ]
      ],
      "t": [
        [
          -157.22465516426612
        ],
        [
          75.15361587909528
        ],
        [
          556.3472083364666
        ]
      ]
    },
    {
      "file": "IMG_6254.jpg",
      "reproj_err_px": 0.9635739326477051,
      "R": [
        [
          -0.7159251657035444,
          0.6946555372195151,
          -0.07003457519411002
        ],
        [
          -0.57813652038272,
          -0.5336057607085531,
          0.6172706504754679
        ],
        [
          0.39141962254352225,
          0.48240913833478866,
          0.7836275278083161
        ]
      ],
      "t": [
        [
          -133.04548265836732
        ],
        [
          102.77414749352268
        ],
        [
          424.903348664957
        ]
      ]
    },
    {
      "file": "IMG_6255.jpg",
      "reproj_err_px": 1.890270709991455,
      "R": [
        [
          -0.7831751795018013,
          0.6167964763312812,
          -0.07873210906381514
        ],
        [
          -0.43260150898480493,
          -0.44953571203770804,
          0.781520043266211
        ],
        [
          0.4466459141606369,
          0.646126729355833,
          0.6188922983650249
        ]
      ],
      "t": [
        [
          -125.06853570367083
        ],
        [
          68.37660111767683
        ],
        [
          318.65530790860544
        ]
      ]
    },
    {
      "file": "IMG_6258.jpg",
      "reproj_err_px": 0.5415806770324707,
      "R": [
        [
          -0.850357203462081,
          0.4667857463248274,
          -0.2429067589593236
        ],
        [
          -0.5068262525517997,
          -0.6024273956588589,
          0.616610397807225
        ],
        [
          0.1414912585442946,
          0.6474506158678504,
          0.7488577460158197
        ]
      ],
      "t": [
        [
          -85.3790908461474
        ],
        [
          64.24260624515792
        ],
        [
          417.26459812391755
        ]
      ]
    },
    {
      "file": "IMG_6259.jpg",
      "reproj_err_px": 0.23049819469451904,
      "R": [
        [
          -0.8976825603069403,
          0.41625547720504985,
          -0.14455932559877588
        ],
        [
          -0.42119712134889453,
          -0.7141959489595477,
          0.5590323170060706
        ],
        [
          0.1294565791614366,
          0.5627215334306724,
          0.8164468567673294
        ]
      ],
      "t": [
        [
          -88.88488710086905
        ],
        [
          107.0387045267013
        ],
        [
          518.1472388639618
        ]
      ]
    },
    {
      "file": "IMG_6260.jpg",
      "reproj_err_px": 0.10118450224399567,
      "R": [
        [
          -0.8733462134994163,
          0.4508723536509829,
          -0.18433803752740505
        ],
        [
          -0.48485112130702546,
          -0.7683366225379346,
          0.417825591167319
        ],
        [
          0.04675234254614502,
          0.45428290214383205,
          0.8896298462204524
        ]
      ],
      "t": [
        [
          -103.32486602924605
        ],
        [
          99.65535645470912
        ],
        [
          558.7121190272662
        ]
      ]
    },
    {
      "file": "IMG_6261.jpg",
      "reproj_err_px": 0.2706111669540405,
      "R": [
        [
          -0.9049445514649561,
          0.42215219147388083,
          -0.05350594366693624
        ],
        [
          -0.41386724166779487,
          -0.843921771533889,
          0.3413355384447883
        ],
        [
          0.09894071481539114,
          0.3310340930552355,
          0.9384173720615563
        ]
      ],
      "t": [
        [
          -99.62486216553657
        ],
        [
          103.41499606054442
        ],
        [
          582.9906650222595
        ]
      ]
    },
    {
      "file": "IMG_6263.jpg",
      "reproj_err_px": 1.1193289756774902,
      "R": [
        [
          -0.9303181326336254,
          0.36406659374243405,
          -0.04431351276829182
        ],
        [
          -0.30761338030617397,
          -0.7087920309650059,
          0.6348132521435822
        ],
        [
          0.1997052336562396,
          0.6042097087611912,
          0.7713938342306238
        ]
      ],
      "t": [
        [
          -85.06606767631928
        ],
        [
          108.67740548724062
        ],
        [
          416.5766243931659
        ]
      ]
    },
    {
      "file": "IMG_6264.jpg",
      "reproj_err_px": 0.894579291343689,
      "R": [
        [
          -0.9305196536962559,
          0.3534619397485097,
          -0.0959053243267596
        ],
        [
          -0.2986105613984117,
          -0.5805971342525271,
          0.7574554114395634
        ],
        [
          0.21204930253675788,
          0.733465489881408,
          0.6458045125629738
        ]
      ],
      "t": [
        [
          -84.05255318122384
        ],
        [
          71.08072523617226
        ],
        [
          331.8642065956593
        ]
      ]
    },
    {
      "file": "IMG_6265.jpg",
      "reproj_err_px": 7.962526321411133,
      "R": [
        [
          -0.7202135288922465,
          0.6753408336344047,
          -0.15876785325299497
        ],
        [
          -0.36460373937427465,
          -0.563164883213022,
          -0.7415587822620398
        ],
        [
          -0.5902174057369651,
          -0.4761933144655126,
          0.651830761182284
        ]
      ],
      "t": [
        [
          -79.85924649959304
        ],
        [
          30.36500217957794
        ],
        [
          320.72171484095134
        ]
      ]
    },
    {
      "file": "IMG_6266.jpg",
      "reproj_err_px": 9.6729154586792,
      "R": [
        [
          -0.6871926923836554,
          0.7260942521577969,
          -0.023523191065676574
        ],
        [
          -0.36030692357285926,
          -0.3687622503482206,
          -0.8568508175543618
        ],
        [
          -0.6308289184556812,
          -0.5803460516808278,
          0.515027509885161
        ]
      ],
      "t": [
        [
          -84.46504723051444
        ],
        [
          17.56517429287088
        ],
        [
          304.9278988901336
        ]
      ]
    },
    {
      "file": "IMG_6267.jpg",
      "reproj_err_px": 0.4587129056453705,
      "R": [
        [
          -0.9429203178375077,
          -0.2389480483643422,
          -0.23195927313234432
        ],
        [
          0.041471376544964966,
          -0.7753677201448739,
          0.6301468269259209
        ],
        [
          -0.3304260872520196,
          0.5845585759701186,
          0.7410194816083508
        ]
      ],
      "t": [
        [
          -17.062879555389387
        ],
        [
          56.208069848130435
        ],
        [
          404.1931783218621
        ]
      ]
    },
    {
      "file": "IMG_6268.jpg",
      "reproj_err_px": 0.3246963918209076,
      "R": [
        [
          -0.9451469117881054,
          -0.23808969907744626,
          -0.2236305219119663
        ],
        [
          0.08697666324832619,
          -0.8433489063292283,
          0.5302807579419433
        ],
        [
          -0.3148529421612487,
          0.48174258415309895,
          0.8177968619565
        ]
      ],
      "t": [
        [
          -32.90548703885921
        ],
        [
          51.903760662504254
        ],
        [
          467.45058007258564
        ]
      ]
    },
    {
      "file": "IMG_6269.jpg",
      "reproj_err_px": 0.023936940357089043,
      "R": [
        [
          -0.9205849859953215,
          -0.32955337577320276,
          -0.20956587526713422
        ],
        [
          0.22892077378660203,
          -0.8900951833165813,
          0.39411399869271957
        ],
        [
          -0.316415174871461,
          0.31484144764167843,
          0.894849875653986
        ]
      ],
      "t": [
        [
          -18.442372447916664
        ],
        [
          59.019884120405315
        ],
        [
          505.0288794900342
        ]
      ]
    },
    {
      "file": "IMG_6270.jpg",
      "reproj_err_px": 0.39245572686195374,
      "R": [
        [
          -0.8754647795258726,
          -0.45791786742780005,
          -0.15450775546907314
        ],
        [
          0.3960819495837268,
          -0.8630312203754036,
          0.313522250998706
        ],
        [
          -0.27691245732842956,
          0.2132799553350413,
          0.9369264387499234
        ]
      ],
      "t": [
        [
          -2.1361443171597125
        ],
        [
          68.54439853826601
        ],
        [
          568.2428479642173
        ]
      ]
    },
    {
      "file": "IMG_6271.jpg",
      "reproj_err_px": 0.06879770755767822,
      "R": [
        [
          -0.8553172211198156,
          -0.48265980322110313,
          -0.1883400265754535
        ],
        [
          0.43240800034640925,
          -0.8652564417927666,
          0.25368210652811185
        ],
        [
          -0.2854045768594054,
          0.13553894012676423,
          0.9487746957086372
        ]
      ],
      "t": [
        [
          41.75057892243373
        ],
        [
          106.15642698707666
        ],
        [
          543.0332414124415
        ]
      ]
    },
    {
      "file": "IMG_6272.jpg",
      "reproj_err_px": 0.3547157645225525,
      "R": [
        [
          -0.8499734726915006,
          -0.5086272609011022,
          -0.1372712831913256
        ],
        [
          0.30288651739159395,
          -0.684986732424123,
          0.6626106956466329
        ],
        [
          -0.43105087089941324,
          0.5216238931176036,
          0.7362768914108961
        ]
      ],
      "t": [
        [
          37.32551399777558
        ],
        [
          91.70877120388764
        ],
        [
          380.00928911403173
        ]
      ]
    },
    {
      "file": "IMG_6273.jpg",
      "reproj_err_px": 4.797649383544922,
      "R": [
        [
          -0.6460258405850378,
          -0.6342361743612565,
          0.42472942967022353
        ],
        [
          0.3949341353938841,
          -0.7538878211094553,
          -0.525052551544627
        ],
        [
          0.6532056659254271,
          -0.17145736587978933,
          0.7375125284959464
        ]
      ],
      "t": [
        [
          80.02064121140467
        ],
        [
          82.55497049313526
        ],
        [
          373.3033784324459
        ]
      ]
    },
    {
      "file": "IMG_6274.jpg",
      "reproj_err_px": 4.788045883178711,
      "R": [
        [
          -0.6215113771048907,
          -0.6911785610427539,
          0.3687760904452057
        ],
        [
          0.21588435198555234,
          -0.6036162950279051,
          -0.7674902702605182
        ],
        [
          0.7530720780223898,
          -0.3973909474706907,
          0.5243690305227668
        ]
      ],
      "t": [
        [
          64.42618883466756
        ],
        [
          52.584304187455224
        ],
        [
          338.7218437525995
        ]
      ]
    },
    {
      "file": "IMG_6275.jpg",
      "reproj_err_px": 3.159792423248291,
      "R": [
        [
          -0.6146926169076958,
          -0.7048471244186673,
          0.3540388649822279
        ],
        [
          0.05309767999998094,
          -0.484809952152836,
          -0.873006269549185
        ],
        [
          0.7869775238834893,
          -0.517831866045631,
          0.3354348452530106
        ]
      ],
      "t": [
        [
          70.16532110265838
        ],
        [
          28.173673165708948
        ],
        [
          349.97466635638716
        ]
      ]
    },
    {
      "file": "IMG_6276.jpg",
      "reproj_err_px": 1.3733043670654297,
      "R": [
        [
          -0.2266339837869506,
          -0.9132765892765701,
          0.33847142992018053
        ],
        [
          0.8394748416894579,
          -0.35937759994504936,
          -0.4075901505534646
        ],
        [
          0.4938815926548752,
          0.19176447047639322,
          0.8481198973609763
        ]
      ],
      "t": [
        [
          192.429665014055
        ],
        [
          34.35278513991979
        ],
        [
          775.0650893222805
        ]
      ]
    },
    {
      "file": "IMG_6277.jpg",
      "reproj_err_px": 0.18291203677654266,
      "R": [
        [
          -0.36272546998233757,
          -0.9303082947485231,
          0.054375639289919786
        ],
        [
          0.8776289568759534,
          -0.32139991969330645,
          0.3556255132494881
        ],
        [
          -0.31336503869914717,
          0.17671606702060602,
          0.9330454352162334
